15638057063802630
1567565088168641
15638042061802612
15621806324431450
15593267359960092
15638044718302662
15593269482960152
15638040695302560
1567403134755851
15593279383460180
15593288218960212
15593264555960152
1568770742227728
15638043087302552
1569506105403380
15621801152431450
15593274578460172
1567403165455863
1569506102203378
1567566909318640
15638047944302670
15621793115931490
1568753472186559
15593267363960102
1567566623018649
15638055779802592
1568648215045295
1568648465995300
1568648173995293
1568694097373460