15638057063802630
1567565088168641
15638042061802612
15621806324431450
15593267359960092
15638044718302662
15593269482960152
15638040695302560
1567403134755851
15593279383460180
15593288218960212
15593264555960152
1568770742227728
15638043087302552
1569506105403380
15621801152431450
15593274578460172
1567403165455863
1569506102203378
1567566909318640
15638047944302670
15621793115931490
1568753472186559
15593267363960102
1567566623018649
15638055779802592
1568648215045295
1568648465995300
1568648173995293
1568694097373460
15621792215431462
1568648984195305
1568648462295301
1567565039518646
15638044679302558
15638043112302680
1568648966495298
1568648852645302
1569505864103375
1567401517405859
1567400585005854
1567567262468650
15621793122931442
1568753471686557
1567401612755863
15593278670460082
1567400801355853
1568697883473464
15621792503431440
15621782686931400
15593264568960102
15621794026431442
1568773642527739
15593274764960154
15593296552960170
1568770183327740
1567567081368649
15638044675302642
15621801563431460
1568648945795295
1568647511695295
15593267610960142
15638052544302642
1568648923295298
1568647756145295
1567400589305861
1567566505668643
1568697884573453
1568648596045306
1568648981195298
15638055814802592
15621801569431522
15638053006802662
1567567074768641
15593297529460160
1567567079868644
1567400586005859
15638056596802570
1567566502468639
1568648089795293
1567401112605856
1567566260568645
1569505799903375
1567404058605856
1568694097273457
1568648092095293
1567400796855858
15621787006931462
1567566624418649
15593279003960132
1567566627018644
15593279067960082
15638049566302590
15621793075931502
15610400391396750
15593296883460122
15638047874302612
15593280372960200
1568648204545304
1568697885073456
1567401612855864
1568648114945300
15621798404431520
1567404056905858
15593267386960102
1568770069527732
1569506970503373
1567400710055854
15621801196431460
1569506045203386
1568648173795295
15638040667302590
1567566505868643
1567401525405863
1568648988695303
1567566258468643
1568647513795303
1567403141455861
1568647734245305
15621801208431440
1568647513695304
1568648467395293
1568648230145302
1568647513295297
15593274745960190
15621792217431490
15638040731302580
15638049557302660
1567567022968646
15593269470960122
15638056587302620
15593296538960132
1568648222745293
15593298464460160
1568647735845293
1568648944095294
1568697055173459
1568648989895305
15621774807931402
1567400543605864
1569506044003371
15593296946460120
1568648085195298
15638041459302630
1567565082268640
15638049034302590
15638055767802600
15621801149431530
1567400831155861
15638041458302570
15638042068802572
15621775155931342
1569506355503372
15621795838931470
1568648222145302
15593280452960132
1567400937155852
1567567084268643
15621794995931464
1567404051805852
15621776821431412
15610400401396790
15638041466302562
1567401114305854
1567401521805853
15621793402931490
1567403158855856
15621777351431412
1567400582805853
15593298527460082
1568647483045298
15621773966431330
15621801512431412
15593289497960210
1567400941255855
1567403161955852
15621805528431430
1567404055705851
15638044700302680
15593298465460172
15593279363460092
15638047880302622
15638045437302642
1567401467755857
15593297475460094
15593296940460094
15638043093302590
1567566516168650
15638041444302662
1568697885873458
1567566629418637
15621794007431540
1568753470186551
15621806365431412
1568647089554273
15621801551431442
15621777598931422
15621775181931452
1568648467095299
1567567029568645
1567400992205861
1567400990905864
1567401524505852
1568647480445293
15621798367431440
15593296528960080
15593274787960140
15621793134931530
1568648965195305
1568648087395298
1568697200173458
15621780695931370
15638049077302642
15621794991931470
15638043101302630
1569506972003376
15621787678931432
1568648850945304
15593296943460110
1567400709855853
1568647082954277
15593269452960140
15621795000931490
1567400503355852
15593274591460120
1567567025068637
1569506104403381
1567404101105858
15621792549431502
15593298502460182
15638042016302622
15638049586302590
1568753478786559
15593289543960102
1568648927295298
1567401261555853
1568648589045305
15638047908302622
1568647749345303
1568772882227728
15621805574431450
1568648940995292
1568694276973457
1568773643827740
1567566906718646
15593280404960100
15593288198960158
1568694277973455
1567404109805862
15621800248931422
1569506356703379
1568697882573454
15638040654302680
1568647086554273
1567401466955852
15638045046802650
1569505799303375
15621795834931430
15593264506960170
1568647510495298
1568648232545296
15621793406931510
1567403164255863
1568770744427737
1568648463595301
1567567078268643
15621801142431402
1568694284273455
15638040668302640
15621792209431412
15621801530431530
1568647692995300
1567566504168642
15593274633460172
15593296537960122
15638048635302610
15638045531302652
1567567269768637
1568753478986559
15621792530431450
1567400498855854
15621804954431482
1567403140155860
15610400399396780
1567404082205860
1567567081968639
15593267361960102
1568648851145301
1567403134155862
1567566257268639
15638055774802582
15593296881460108
1568770066227734
15638056600302622
1567565034418645
1568648211945294
15593278730460190
15638048637302580
1568697884473453
1568648219245294
15593289491960180
15621793112931542
15621780689931412
1567400585505854
15621794002431412
15593278979960132
15621782716931478
1567400504105858
1567566905418639
1567403966505856
15593274644460102
1568647478245293
15621797865931542
1568770744227737
15593280428960158
15593279052960170
1568648590545293
15593298327460150
15593269503960090
15593298539460202
15593279056960202
1567404058705857
15621775150931360
15638055840802582
1569506970203381
1568648220545299
1567566263568643
1567404078405854
1567403138455864
1569506787303372
1568648591345297
15593288253960090
1568648032245302
15621773965431392
1568647694595293
15593274615460102
1568647083054271
1567404078005855
15638047876302568
1567401263555856
1568648216345300
1567404077905857
15638045456302562
1568648470695297
15621799418931432
1568647749945297
1568648929595294
1568770743227738
1568648206745300
15621793154931512
15638047930302662
1567567075468644
15593296878460092
1567566259868647
15593269473960102
1567566256568637
15621792152931420
15621792560431440
15638052573302640
15638047622302660
1569506102103371
1568648929395297
1567567024768636
15593274610460102
15621782689931500
1567400587205861
1568648851645294
1567400988005858
1568648946695306
15638052564302670
15593288256960102
15621806319431530
15638041439302642
1569506045103380
15621792536431530
15593274705960090
1567401109005861
1567400995555860
15621792147931430
15621801151431412
15593274637460200
15621781160931342
15621787648931532
15593264540960212
15621793139931530
1568648370395293
15621801493431522
15593298546460152
1568647735245306
15621795863931442
1567401265855856
15621782707931452
1568694281873455
15638057036802650
15621794977931452
15638049052302564
1568647477845299
15621794017431522
1567400796355863
15593296582960170
15621777326431442
1567404080005860
15638045047802582
1568648119545306
1568648370495305
1568648972895294
15638047933302662
1568773643327738
15593264484960110
15621806406431492
1567401609155851
15610395193396760
15610400410396742
1567567265568644
15621793105931420
1568694285773460
1568697852373465
15593286536460108
1567400800355860
1567403133355858
1568648930295298
15621780517931362
1568648032945294
1567401111005861
1568697854673455
15638056565302680
1567401268255851
15638048678302552
1567400800555861
1568647754945296
1568647689295295
1567401113105860
1568697851973463
1567401200905860
1567566259768648
1567565040218647
15621794059431530
1567401203005856
15610400435396722
15610395512396732
15638042034802620
1567566259568638
1567565085068644
15621798402431490
1567403132955864
15638055773802662
1567400581705859
1568773643927726
15638042097802572
1568648037845298
1569506657803383
1567400704355859
15593296592960090
15593279355460120
15621800204931442
1569506785603378
1567404100905857
15621787677931480
1568647134004279
1567403970205857
1568648115645294
15621804981431500
15593280365960168
15638048661302612
1568648964695299
1567404101505860
1567401265055858
1567565088868638
1568648085095300
15621797278431482
15593296573960120
15621773939431382
1568648462895295
1568648101395299
1568694097073464
15593279326460082
1567403968505859
1567400711555859
1567403159355859
15621787673931442
15638055826802602
15593296947460120
1568648115245299
1568697881473456
1567566509968645
15638055833802630
15621792148931510
1567401465155855
15638045480302570
1569505863603381
15593297535460202
1567403134455863
1568648093395301
1567403162555854
15638048655302670
1568697851573452
15593274759960142
15593289579960162
1568648855345302
1568648986595293
1568648217545297
15621804955431420
1568648098095300
1569506045503370
1568648852245296
15593274760960142
15593267334960160
1568648592845297
15621795837931530
15593298275460172
15638057071802670
15593289488960158
1568772888027731
1568770091827734
1567400939855855
1569505800803380
1567566500868640
1568694285873460
15638055796802620
1568648926895306
1569506658803383
1567401112205857
1568648461795293
15593267608960132
15610395482396832
15593274617460192
15638043032302580
1568647749145306
1568697202473465
1567567267768642
15621792212431512
1568647512095303
15621773947431450
15621777344431350
1567565038618638
1568647089954270
15610395506396820
15621804967431472
15621795826931462
1567566907218649
1568694279273460
1568648943195297
15593278994960080
1568770743327738
15638044668302622
15593274605460094
1567400588305851
1568770088727729
15610400416396732
1567567267568649
1567403963405858
1568770069227733
1568648120545300
15593296926460152
15638056630302600
1567566257368640
15621801146431442
15621805530431430
15638057080802590
15621798387431502
1567401264055859
1567404055505864
1568694285373457
15638047623302590
1567567023168647
1567566520768642
15593274573460162
1568648926995304
15638044661302622
15593274791960152
15593269461960202
15621792501431420
15638049055302580
15610395216396780
1568647082854279
1568648591845305
1569506041903372
1567404076405863
1568648849745297
15621804986431492
1568647512595305
1567403965705857
15621780506931422
1569506783903372
1568647086054269
1567404074705855
15621798379431420
15638053420802672
1568648099695293
15621799428931422
15621774818931332
1568694281173457
1568648941195299
15638055763802612
1568648037345306
1567566630018637
15638042006302568
1568648173895294
1567401111905855
15593274577460172
1568772882027729
1568648227245302
1568648121845294
1568648177895295
15621793975431524
15593278697460150
15621806396431460
1568648921495295
1569506104203381
15638057077802592
15621792538431420
1567400500555859
15593286507460142
15621800228931422
1567400822255857
15638040666302670
1568648216145302
1567400703255860
15638049528302680
1568770092627727
15638040690302680
1567400502705851
15593269480960142
15638044626302630
15638055835802572
1567403140755859
1567566905818641
15593288206960170
15593269490960180
1567565042118641
1568648179095304
15621793086931440
1568770182827738
1567400708055858
1567400496255860
15638045018302680
15638053424802630
15621797239431428
1567400830255856
15638047643302622
15621777568931422
15621780736931352
15621793335931410
15593297528460180
1568648970695302
15593288264960132
15621774829931390
1568753472386560
15593296948460130
15621794014431420
15610395192396770
15621797282431530
15621782685931490
1568648591245299
1568647749845298
1567401199305852
1568773643727739
1568772725827729
15621793379931500
1568648221345298
1568772729027731
15621801506431482
1567404074505855
1568647753545305
15610395174396792
15638056633302622
1567403132855851
1567565085268638
1568694283873455
15638047680302680
15621776013431430
15621786975931502
15638044677302602
1567401265555854
15610400422396832
1567404103405851
15638042010302680
1567401266555859
1567403158655860
15638055785802640
1569506358003381
1567566909718642
15638045516302612
15638047871302600
15621806326431470
15638057108802672
15621799419931512
1568770184827726
1568648368695300
1567565039618646
1568648114445296
1568697203973453
15621801176431460
15638055813802680
1568694281673454
15593297560460202
15638048711302612
15638045523302652
15638049615302632
1567565041618639
1569506103203379
15638047895302580
1568770063227727
1567400800455860
15638057073802640
15638043065302622
1568648174495301
1568647691295300
15638043042302580
1568648589745293
1567403162755855
15610395172396740
15593278739460214
1567403967005858
1567401518705864
1567400988705861
15593279024960192
1569506658903374
15638057031802640
15621794994931512
1567400995705860
15593278986960160
1568648036445294
15638055812802620
15638053350802560
1568697883773465
1567401517305859
1568648968195295
15593267593960132
1568697884973455
1567401109405864
1567566260968648
1568648221145302
1567403167055859
15638057045802582
15621798399431522
1568648222045299
1568648087995304
1569506655403382
15621774821931370
1568647748245294
15593267369960180
1567403966605856
15621792183431522
15621776822431362
1567401263755854
1567400995205858
1567404108305857
1568648034645305
1569506658103376
15621797854931412
1569505862403379
1567401203905856
1567404106005861
1567567079968645
1567400581205852
15621775983431420
15638047885302592
15593296510960142
15638040742302570
1568697853673458
15638053359802630
15593267412960200
15621799449931400
15593297561460202
1568647754145297
1567401261255851
1568753474286550
1568770181327738
1568648964795297
15638053040802620
15593288273960152
15593279045960100
15621794957931452
15638045068802630
1567565038418638
15638045497302610
1568648234245295
15610400390396750
15621798409431512
15621780532931352
15621801187431412
1568648372295294
15638047662302680
1567400709655852
1568648115845305
15621776847431350
15621777570931452
1568697852273464
15638047592302570
15638052995802650
15621806342431430
1567401615655861
1568753477186553
15593279021960152
1567567268668645
1568648849845296
15593298255460120
1568648944995302
15621792264431512
1567567030768639
15638049551302590
15621775144931442
1568648204945300
15621775996431400
1567400934855853
15621794060431470
15621780529931422
1567567263868641
1568648591645294
15638047665302580
15638053002802600
1567403964805858
15621806385431480
15593280448960142
1568648364195301
15638052539302590
15638052558302622
15593279028960080
15593288246960202
15621792186431492
1567566255668648
1568648985595293
15638047936302670
1567400704555860
15638048653302552
1567565088468650
1568697055573458
15621793388931410
1567400831355862
1568648178695297
15621780717931390
15638047951302640
15638057052802582
1568647139604273
1567566518168645
1567400939155855
15638053379802652
1568648176095297
1568772641227731
1568647752845302
1568648208945305
1567401463655854
1567565081068649
1568647486145294
1568772640227737
15593274786960120
1568753470986554
1568770065727738
1567566259368642
15593267583960120
1568648593045300
1567566260468644
15593279384460182
15638042039802630
1567566507168643
1567400826155860
1567401519705857
15593297490460140
1567400500855860
1568647511295301
15638047641302640
15593279041960102
15593267575960200
1568647505995296
1567401117605858
15638042049802620
15593279051960102
1568648180795298
15621801536431482
1567566627118644
1568647484445306
1567566518968646
15593274712960090
1568770065927739
15593274557460092
1568648099295301
15593298287460212
1567404081505853
1567400541205858
15621801565431480
15593286444460102
1567565041718639
15638043053302582
1568697058973456
1568697055973456
1568647733445300
1567566901718643
1568648171795298
1568648856445295
1568648595345301
15621795836931452
1567400496855859
15593296587960200
15638053028802640
1567401520805861
15621792126931440
15593279042960100
15593279026960202
15593288277960162
15593280396960180
15610400400396780
1568647692295305
1567400500705860
15621797845931510
15638049045302632
1569506041503372
15593269485960162
15610400393396760
1568648224945302
1567567084168643
15593267372960200
1568648370095299
1567400831655863
15621787682931470
1567403971405859
15638043110302600
15621776008431420
1568647086854268
15638041437302670
15621794984931462
1568770092727727
15621805590431492
15621801173431460
1567401197105855
15621792150931542
1567401264255859
1568647696395299
1567566520668649
1568647507095292
15593296919460142
1568648096195297
1567401614755862
15638053417802630
15593289545960112
15593279317460130
1568648857245302
15593274718960112
1568648121745296
1568648223945303
15593278703460172
1568647085454278
15593296586960202
1567401524905854
15593278745460082
1567400502755851
15621774834931430
1567404055305864
1567401610455855
15638042032802650
15621806337431430
1568648040945304
15610395484396832
15621792162931500
1568648366995306
15621793092931530
15593296601960152
15593298520460162
15621793980431502
15593269506960102
1568772878727734
15621786984931512
1568648179695298
1568753477786557
15593288201960180
1568770184927727
1568647484845303
1568647514295296
15638048717302660
1567401266655860
15621781140931452
15621797254431520
1568772881627727
1568648468595295
15638045093802580
1567403164555851
15621804966431540
15638052982802550
15593274604460170
1567403160055859
15593280459960162
15638045033802640
1568648230045303
15621797271431512
1567566908118650
15621787679931512
1567400826755853
1567400935155854
1568770183027739
15638043096302622
1567400497455864
15621781153931342
1567403966005854
1569506045603377
15621800196931452
1567400544205855
15593297471460120
1568648097595297
15621801523431510
15593274554460202
1567403132355855
1567401199105852
1567401610655856
15621800245931420
1568648946195301
1568648211545303
15610395502396832
15621805580431440
1568772638127733
1567566501268640
15638057107802612
15621792143931510
1568648226645299
1567403140055863
1568648969495305
1568770062727734
1567401201605863
15593280375960080
1568647754645302
1568647504995297
1567565035918643
15621794013431470
15621782695931432
15621799436931410
1567566519668649
15593269456960160
1568647484645306
1568694096873457
1567400800055859
15593298303460150
1567566264568650
1568753476486553
15621792136931478
15638052553302622
1567401610055856
15621777337431340
15593298475460094
1567400707555855
1568647728245303
1567401524705853
1567565087668637
15638047921302560
1568648171495294
1567403140955854
1568772889227728
15621797243431482
1567566508068638
15593296914460120
1567567031068638
15621782715931402
1567566910218646
15621793088931470
15621793323931422
1568772725727729
15638043037302580
15593289523960190
1567404082305861
1567401260305864
15638045506302562
15638056620302622
15593297532460130
15593279040960100
1568648207445294
1567567075668645
15593296944460110
1568697202873465
15621773971431450
15621801501431482
15621787017931520
1568694100473461
1567400703355861
15638055797802670
1568648853745299
1568647089254276
1567400500105857
1567566255268647
15638040726302600
1567404102805864
15621792222431530
1568647512995297
1568648989995303
15638040724302612
1568648370195297
15593267420960200
1568647510695295
1567400936155860
15638048698302600
15610400395396760
15593298472460212
1567400545405853
15638053373802690
1568647133204275
1568648211345296
1568647748445305
15638044659302642
15638053019802592
1567401462755863
1567565037518637
1568647737445294
1568648468395299
15621777347431340
15638048659302630
15621794986931478
1567403135455851
1567404059705855
1567400823655852
1568648215445306
1567400497155862
1567401519505856
15638049112302632
15621795833931480
15621805552431402
15621799492931442
1567400546205859
1568770181627727
15621773940431330
1567400545105852
15593267603960102
15638042083802640
15621800209931452
1567400504155858
15638049075302662
15593298289460102
15621787660931470
15621773955431402
15621787004931430
1569506658503376
15638047934302570
1568648853845298
1567400938255853
1568772636927728
15621801141431460
1567401615455860
15621794050431462
15638045052802650
15593267395960112
15621800211931478
1568648922095303
15593296871460212
1568647084354276
1568648963995296
1568648037045297
15621773963431370
1567567082768645
1568647729245305
1569506787503373
1567403135255850
15593280370960200
15638052580302622
15621800218931450
15593298482460130
1568694101373463
15593279016960170
1567566501468640
1568648172595303
1567404108405857
1567400996105862
1568648100995305
15621793135931470
15593296879460102
15593274606460152
1567401517205858
15638053400802620
1568770066527735
15593267620960160
15593269489960170
1568648969395293
15593286445460110
15621777350431330
1567401465855864
15593288208960190
1568648206145305
1568648229745294
15638040683302680
1568648365595305
15593274621460192
15638047950302580
15593264517960132
15638043071302652
15621786973931470
15638041476302622
15593298460460150
1567400587305862
1567403141655861
15621799482931452
1568753479086556
15638053035802628
1568648210645305
15638045055802550
15638048668302562
1567401266455859
1567565085868643
1568648032545298
15638056637302690
15621793347931500
1567401112905858
1568770741027734
15621792200431530
15593280378960090
15621776125931380
1567400547205862
15593274779960092
15621794012431530
1568648223745306
1567401204905856
1567566523968637
1568772728027729
15638045483302590
15621801137431430
15593279376460152
1567566260368643
15638048667302642
1567567267068643
1568694099573457
1568753478686559
1567566262668645
15638052997802620
1567400540805860
15621775141931422
1567401465055855
1567401608555862
15638045520302662
15621795840931502
1568647756545302
15638057035802602
15621797869931462
15638043058302590
1567401517105858
1568772886427739
15621782726931410
1567404081805856
15621780526931440
1567400704455860
1567566627618646
15638047963302600
15621777574931360
1568694096973460
1569506104603381
1567567029068641
1567567030968639
15593286496460152
1567567030068649
1567400801555854
15638049579302630
1568648220845294
1568648179795297
1568648172895294
1567401267555863
15621776831431412
1567566262868643
1567400994005855
15621793104931480
1568648218645302
1567566259068647
1567401203405858
1567566501068640
15593297563460212
1568648965395302
15621792218431420
1567400541105855
1568647480645305
1568647757345302
1567403967605860
1567400542005856
15638055824802652
15593279307460130
15621801212431412
1568648989395301
1568772879727726
15593267377960100
15621773956431342
15621801491431492
1567567263168639
1568648171195300
15638049581302600
15621801162431462
1568694282073455
15593264507960170
15638042045802672
15621775980431450
1567567022868646
15593280429960170
15621793164931500
15621806310431440
15593288239960162
1567566506568643
1568647514495293
15593278754460130
15638053059802560
15621801502431430
15638053027802592
1568772730027729
1567401519405856
1568648100295296
1567401265655855
1568647732945295
1568648855245303
1568647753345294
1567567267168644
1567401113305862
15593274731960142
1567401463355852
15638042056802612
15621787005931510
15593274612460212
15638043107302602
1567401264555858
15621781142931380
1567566626418642
1568770742427728
15621774848931342
15621793398931462
1567401258955855
1567404106605852
1569506657903375
15638044704302570
15593298340460172
1568648204245295
1568647690595300
15638055836802620
1568648219045296
15621773959431332
15638052974802602
15621801175431512
15638041490302610
15621776811431400
15610400406396742
1567400544605864
15593267651960202
1568647090254268
15593298277460182
1567400710455856
1567403141855862
15621782699931480
15638048646302552
1568648116245300
15610400404396742
15638047949302662
15593296927460160
1568648116645305
15638053055802612
1567403967705861
1568648175795298
1568647138204281
15621793131931422
15638045485302554
15638047661302630
15621801546431470
15621792572431430
1569505800603380
1568648112645305
1567566630418650
15638053354802640
15621777355431340
1567401470155863
15638053033802650
1568694278373456
1567401616055863
15621794032431530
1567566632318648
15621797273431482
1568647081754273
1567400830655858
15621805535431502
15593280405960112
15638053051802662
15621806344431460
15621780500931452
15638055798802580
1568648924295306
1567400582305863
15621793077931530
15621774815931364
15638049568302562
15638042011302652
15638053411802552
15621782698931542
1567400996405862
15621776088931342
1568770740227732
15621787674931530
1568647690395304
15638040696302612
1568648114545294
15621787663931442
15593297510460110
1569506356403371
1567400707855855
1568772884727731
15638049046802570
1568697854273452
1567565083768645
1568772640627737
15593278715460082
1567565037218636
1568648467895306
1569506971203373
15621780499931368
15638053021802662
1568647482745299
15621792246431520
15593286481460102
1567567264068641
1568647514195297
15638049119302590
1568697850173454
1568647479645306
15593286472460130
1568648921995300
15621776836431330
1567404073505851
15621780533931442
15621776004431362
15593278751460102
1568770091927733
15593296548960212
15638049613302632
15593289540960090
1568648095195301
15638056579302580
1567401521105863
1568770093027729
1567400828855860
15593288210960200
1567400831755863
1568647696795293
15593286491460140
15593289559960170
1569506353403378
1568753476186553
15621798391431412
15593274794960160
1568772726827735
15593298477460104
1568648590045302
1568770740127732
1568647692195294
1568647482345299
1568648228545300
1568648986795303
15621801169431502
15638049126302612
1567400497905861
15621793416931478
1568647479945303
15621798434431482
1568648094195305
15638044658302582
15638057025802602
1569506041303372
1568753477286553
1569506354903373
15621780731931440
15638052616302590
15593296875460082
1567401607255856
15638047896302640
15638049103302600
15593274561460102
1567401467055853
15621805579431512
15621793976431460
1568648101295300
15593267627960190
15621801136431412
15638057097802600
1567567264168641
15593264486960120
15621776113931342
15621776079931430
1568648171395296
15593267409960162
15621799435931464
15621801181431522
15621792524431460
1568770185227731
15593288193960120
15638049109302552
1567400496405855
1568648981495293
15621801190431518
15621800222931490
15621774826931400
1567403158455851
15621806340431402
15610395495396712
1568648590345296
15621801122431440
1567400497955862
15638043106302562
1567400988905861
1568770069327733
15621787675931470
15621799483931542
1567404075705860
1568647755245304
1567403160655862
15593278673460102
15621777349431382
15593298322460120
1568648231645306
1568753475386552
15621792257431502
1568648970595303
1568648207045306
1567401610755856
1567400796955858
1567566257068639
1568648172395295
1568648086095304
1568647089654273
15638056581302552
15638048724302620
1568648039945300
1569505860103381
1568648205745298
15621800185931510
1568697059773461
15638047952302564
15621780712931390
15593267424960200
15593280414960110
1568648464295304
15621793352931420
15593298526460212
15638047920302650
1568648467295295
15638040672302590
15638042017302670
15593279316460130
1567565038918637
1567404082405861
15610395188396780
1568648463895297
1568648463795299
15621799454931490
15621792163931442
15638049079302620
15638049111302568
15621801126431470
15621801125431530
1568647755945298
1568648097395294
1567566901318641
15621776089931430
1568648231545295
1567400804455855
15621798405431462
1567401611855860
15593279344460202
1567403163855861
1568648226945293
1568753472886559
15638053423802572
15593298273460162
15638053370802628
1567566517868645
1569506784403379
15621805573431530
1567566522368649
1569505859703379
1567400797855863
15638049032302610
1567401468955856
1568648367195295
15593289526960092
15621776099931430
1568648092195306
1568648923695305
1569506103003378
15593286527460192
15593279007960200
1568648093495300
1567401465255855
1567400986905853
1567400505505862
1568648941695303
1567403969905856
15638044705302632
1567566518368645
15593296953460150
15638042008302562
15593279336460108
1567401117005857
1567565083468644
15621793368931450
1568648176795299
1567401202205851
1568648205445303
15638057054802560
1568647697095301
1568772879927727
15638045495302632
1568770181127737
1568647509495302
15621806378431482
15638053329802614
1567567024368650
15638049040302600
1568647728045306
1568772641327732
15621793376931500
1568697853373454
1567400548805852
15621792508431440
1568648986395297
1568648223445297
15621793163931422
1569506657103374
15621798378431470
1567403160255860
15638040736302562
1567400825055863
15593279387460172
1567567026368646
15621795831931462
1567400986755856
1568648944195306
15621798364431460
1567401112405854
15621792557431472
1567566501168640
15638045057802682
15621793979431420
1567565039018637
15593286483460110
15638041486302552
15593269427960162
1569505800003370
1567403160355861
15593274581460170
1567400798655850
15621787012931490
15610400420396702
1567404056805857
1567403136155853
1567567029868647
1568773642027737
15638056590302650
15621793991431412
15621793155931464
1567565039118636
1568648465195295
1567404053205860
1568648926695295
15621806351431482
15593298307460150
15621805570431512
1568648209345300
1568648948095301
1569506973303382
15593280458960152
1568770743727737
15593286497460160
1567400497605851
1568648921695305
1567400941655857
15621787657931500
15621782730931470
1567565041818640
15593267411960152
1568694285273456
15621782691931532
1567400707255854
1568770185027730
1568647694095300
1569506788203380
15621777368431414
15593298492460142
15621806361431492
15638053047802620
1568648033245304
1567400943455859
1567565084168650
15593280436960190
1567566629918637
15638042057802670
15593296960460150
1567567264468642
1567565086868644
15593288194960122
1567401608955864
15593296964460160
15638040700302670
15638040709302602
15638043046302662
1567403141355860
1567400712255862
1568648233245295
1568647750245293
1567401267155853
1567400989805851
1568648114145301
1568770740627733
1567566624018648
15638049064302652
15621792482431512
15638045045802582
1568772729927728
15621787686931532
1567400802455855
1567565041918640
15638047905302600
1567400583005862
1567567074568640
15593286500460082
1567566625018649
15593267348960158
15638047955302600
15638042066802602
15593279020960152
1567404100305858
1568647728545300
1568770070027728
15593298525460212
1568647507595299
15593264514960170
1568648928895299
1568648590945303
1567400581305852
1567403161155864
1567567082268642
1567400540205857
15638053009802552
1568648088995302
15621777590931360
1567566901118640
15638049061302630
15621804962431530
1568648368295292
1567400940355863
1567401204705856
1567566506268643
1568772728827731
15593279061960080
15593280427960162
1567566631718646
15621800179931430
1568770090227733
1568772882827728
15638042060802550
1568694280673458
15593296525960200
1567403159055852
15621780730931360
15593298296460130
15593297502460082
15621797883931510
15638045475302554
1568770091627734
1568772879827727
15621777323431460
1567401606355855
15638057049802682
15593278744460082
15593296527960082
1569506658603383
1568697882373454
1568648855645296
1568648967595292
15593280437960210
15621800246931510
1567565042418643
1568648467995304
15621793166931532
15638052983802612
15638055845802602
1569506974103372
1568648982295299
15610395210396742
1567566625218649
15621776842431372
1568648176595301
1567403160455861
15593274599460170
1569506659003381
15621794006431460
15638048714302630
1567403968905859
1567401614655861
15593296584960180
1567565083068643
1567567026768648
1567401113405862
1567567027868645
1569506787103372
1567400710155855
15621773960431412
1567404076505863
1568770182027729
15593267418960202
15638055776802552
1567404107305859
15638044656302612
1568753478386558
15621795857931520
15638045066802662
1567566523568644
15593269418960152
1567567260868645
15638041469302558
15638044708302662
1568773640927737
15593269421960164
1567401522705852
1568697851473452
1568648120245305
15593274551460192
1568772885527735
1568770181427739
1567566263968641
15593298315460172
1567567077068645
1568772879127736
1567567263568641
1568648207745299
1567400711655860
1567567270168637
1568648941095301
1567401522005851
1568697853273453
1567404060405855
1567400797655859
1568647507995292
1567401197805857
1567401615355852
1568648926395301
15593280400960212
1567400581605858
1568648587345305
1567401112505855
15593289570960112
15638056654302630
15593280433960180
1568694276873459
1567400996305863
1567567264368642
15593274556460202
1567566264368638
15621773957431450
1569505864003382
15593296513960162
1568770092327733
1568770743027739
1568648041945305
1567401613155864
1569506353703383
15621775180931370
1568772879027735
15621793399931442
1567565088968639
1567401205605852
15638047657802572
1568772728527732
15638052967802642
15638047644302670
15621777329431420
1567567030568640
15593267414960200
15593297550460150
1568648218745300
1568648180495302
15593278760460150
15621794973931520
15593286471460120
15621795853931510
1568648036145298
15638049605302592
15621804963431460
15621799495931410
1568648942995300
1567404104205852
1568648926195304
1568647137204270
1569506973803376
15593296872460212
15621806323431510
1567565034918647
15593298514460182
15638056618302662
1568647138904271
15621793321931532
1568648229845306
1569506970403380
1567400937355853
1568648086795296
1567403140855857
15638057116802620
1567401520705861
1568648174095306
1568648234445306
15610395171896730
15621794976931432
1567401268055860
1568648595445300
15621800225931464
1568697202373464
15593288276960160
1567404108005855
1568770184027739
15593289489960170
1567403158555863
1569506042203378
1568648175095304
1568648177995293
15638044657302670
1568648216945305
15621800170931542
15593289547960122
15593298536460082
1567401519605857
1567567022668645
1568648120645299
15593267427960162
1567403965305857
1567567078968643
15638057121802592
15621797240431512
1568648984695295
15621792220431440
1569506105003381
1568648120445302
15638041478302582
1567401113905855
1567566263068641
15638049562302652
15638044649302630
1567565037318636
1567566521268643
1567401203305857
1569506656303375
1568648093595298
1568770065427736
1568648588645297
15621800247931470
1567401518605864
15621800210931542
1568697850373453
15621780697931402
1567400707455854
15621794982931442
1567567079468647
15621776090931370
1568648464195306
1567404058505855
15621801172431502
15593289508960102
15621792479431460
1569506043203378
1569505803403381
15593274792960152
15621776104931430
1567400990405859
1568648593145301
15593279006960152
1568772727927729
15638056644302680
15593279070960080
15621799429931500
1568647131304273
15621800217931512
15610395205396712
1569506655503375
15638049574302602
15593278719460092
15638048649302590
15593288200960168
1567401525105862
1567400711955861
1568647136704277
15621793985431492
1567566516468639
1568648087495297
15621797842931412
1567401118405862
15638047956302662
1568694280073462
1568648987795303
15593297473460080
1568648470295296
15621797268431530
1567401467955858
1567566900918639
15621798347431502
15593298538460202
1567567261368648
15638055830802628
15593280399960200
15593280418960120
1568647134104278
15593286473460140
15593269476960120
1567400991205859
1568648948895303
1567400828755860
1567566520268649
1567400588105851
15593297562460212
1568772729427730
15593279000960122